DepartEncoder
[1, 2, 3, 4, 5]
[-1, 26]
[-26, 27]
[-2, -26]
[-2, 27]
[-27, 28]
[-3, -27]
[-3, 28]
[-28, 29]
[-4, -28]
[-4, 29]
[-5, -29]
[6, 7, 9, 12, 15, 18, 21, 24]
[-6, 30]
[-30, 31]
[-7, -30]
[-7, 31]
[-31, 32]
[-9, -31]
[-9, 32]
[-32, 33]
[-12, -32]
[-12, 33]
[-33, 34]
[-15, -33]
[-15, 34]
[-34, 35]
[-18, -34]
[-18, 35]
[-35, 36]
[-21, -35]
[-21, 36]
[-24, -36]
[8, 10, 11, 13, 14, 16, 17, 20, 23]
[-8, 37]
[-37, 38]
[-10, -37]
[-10, 38]
[-38, 39]
[-11, -38]
[-11, 39]
[-39, 40]
[-13, -39]
[-13, 40]
[-40, 41]
[-14, -40]
[-14, 41]
[-41, 42]
[-16, -41]
[-16, 42]
[-42, 43]
[-17, -42]
[-17, 43]
[-43, 44]
[-20, -43]
[-20, 44]
[-23, -44]
[19, 22, 25]
[-19, 45]
[-45, 46]
[-22, -45]
[-22, 46]
[-25, -46]
ArrivalEncoder
[20, 21, 22, 23, 24, 25]
[-20, 47]
[-47, 48]
[-21, -47]
[-21, 48]
[-48, 49]
[-22, -48]
[-22, 49]
[-49, 50]
[-23, -49]
[-23, 50]
[-50, 51]
[-24, -50]
[-24, 51]
[-25, -51]
[1, 4, 8, 11, 14, 17]
[-1, 52]
[-52, 53]
[-4, -52]
[-4, 53]
[-53, 54]
[-8, -53]
[-8, 54]
[-54, 55]
[-11, -54]
[-11, 55]
[-55, 56]
[-14, -55]
[-14, 56]
[-17, -56]
[2, 5, 6, 7, 18, 19]
[-2, 57]
[-57, 58]
[-5, -57]
[-5, 58]
[-58, 59]
[-6, -58]
[-6, 59]
[-59, 60]
[-7, -59]
[-7, 60]
[-60, 61]
[-18, -60]
[-18, 61]
[-19, -61]
[3, 9, 10, 12, 13, 15, 16]
[-3, 62]
[-62, 63]
[-9, -62]
[-9, 63]
[-63, 64]
[-10, -63]
[-10, 64]
[-64, 65]
[-12, -64]
[-12, 65]
[-65, 66]
[-13, -65]
[-13, 66]
[-66, 67]
[-15, -66]
[-15, 67]
[-16, -67]
StayNDaysEncoder
[-1, -6]
[-1, -7]
[-1, -12]
[-1, -15]
[-1, -18]
[-1, -21]
[-1, -24]
[-4, -6]
[-4, -7]
[-4, -9]
[-4, -15]
[-4, -18]
[-4, -21]
[-4, -24]
[-8, -6]
[-8, -7]
[-8, -9]
[-8, -12]
[-8, -15]
[-8, -21]
[-8, -24]
[-11, -6]
[-11, -7]
[-11, -9]
[-11, -12]
[-11, -15]
[-11, -18]
[-11, -21]
[-11, -24]
[-14, -6]
[-14, -7]
[-14, -9]
[-14, -12]
[-14, -15]
[-14, -18]
[-14, -24]
[-17, -6]
[-17, -7]
[-17, -9]
[-17, -12]
[-17, -15]
[-17, -18]
[-17, -21]
[-2, -11]
[-2, -13]
[-2, -14]
[-2, -16]
[-2, -17]
[-2, -20]
[-2, -23]
[-5, -8]
[-5, -10]
[-5, -14]
[-5, -16]
[-5, -17]
[-5, -20]
[-5, -23]
[-6, -8]
[-6, -10]
[-6, -11]
[-6, -13]
[-6, -17]
[-6, -20]
[-6, -23]
[-7, -8]
[-7, -10]
[-7, -11]
[-7, -13]
[-7, -17]
[-7, -20]
[-7, -23]
[-18, -8]
[-18, -10]
[-18, -11]
[-18, -13]
[-18, -14]
[-18, -16]
[-18, -17]
[-18, -20]
[-19, -8]
[-19, -10]
[-19, -11]
[-19, -13]
[-19, -14]
[-19, -16]
[-19, -17]
[-19, -20]
[-3, -19]
[-3, -22]
[-3, -25]
[-9, -19]
[-9, -22]
[-9, -25]
[-10, -19]
[-10, -22]
[-10, -25]
[-12, -22]
[-12, -25]
[-13, -22]
[-13, -25]
[-15, -19]
[-15, -22]
[-15, -25]
[-16, -19]
[-16, -22]
[-16, -25]
ArriveAfterDepartEncoder
[-6, -8]
[-6, -11]
[-6, -14]
[-6, -17]
[-7, -8]
[-7, -11]
[-7, -14]
[-7, -17]
[-9, -11]
[-9, -14]
[-9, -17]
[-12, -14]
[-12, -17]
[-15, -17]
[-8, -18]
[-8, -19]
[-10, -18]
[-10, -19]
[-11, -18]
[-11, -19]
[-13, -18]
[-13, -19]
[-14, -18]
[-14, -19]
[-16, -18]
[-16, -19]
EndInBaseEncoder
StartInBaseCity
550
02/09 Lisbon Paris 10:00 100
05/09 Paris Stockholm 11:00 100
07/09 Stockholm Rome 17:00 200
10/09 Rome Lisbon 10:00 150
DepartEncoder
[1, 2, 3, 4, 5]
[-1, 26]
[-26, 27]
[-2, -26]
[-2, 27]
[-27, 28]
[-3, -27]
[-3, 28]
[-28, 29]
[-4, -28]
[-4, 29]
[-5, -29]
[6, 7, 9, 12, 15, 18, 21, 24]
[-6, 30]
[-30, 31]
[-7, -30]
[-7, 31]
[-31, 32]
[-9, -31]
[-9, 32]
[-32, 33]
[-12, -32]
[-12, 33]
[-33, 34]
[-15, -33]
[-15, 34]
[-34, 35]
[-18, -34]
[-18, 35]
[-35, 36]
[-21, -35]
[-21, 36]
[-24, -36]
[8, 10, 11, 13, 14, 16, 17, 20, 23]
[-8, 37]
[-37, 38]
[-10, -37]
[-10, 38]
[-38, 39]
[-11, -38]
[-11, 39]
[-39, 40]
[-13, -39]
[-13, 40]
[-40, 41]
[-14, -40]
[-14, 41]
[-41, 42]
[-16, -41]
[-16, 42]
[-42, 43]
[-17, -42]
[-17, 43]
[-43, 44]
[-20, -43]
[-20, 44]
[-23, -44]
[19, 22, 25]
[-19, 45]
[-45, 46]
[-22, -45]
[-22, 46]
[-25, -46]
ArrivalEncoder
[20, 21, 22, 23, 24, 25]
[-20, 47]
[-47, 48]
[-21, -47]
[-21, 48]
[-48, 49]
[-22, -48]
[-22, 49]
[-49, 50]
[-23, -49]
[-23, 50]
[-50, 51]
[-24, -50]
[-24, 51]
[-25, -51]
[1, 4, 8, 11, 14, 17]
[-1, 52]
[-52, 53]
[-4, -52]
[-4, 53]
[-53, 54]
[-8, -53]
[-8, 54]
[-54, 55]
[-11, -54]
[-11, 55]
[-55, 56]
[-14, -55]
[-14, 56]
[-17, -56]
[2, 5, 6, 7, 18, 19]
[-2, 57]
[-57, 58]
[-5, -57]
[-5, 58]
[-58, 59]
[-6, -58]
[-6, 59]
[-59, 60]
[-7, -59]
[-7, 60]
[-60, 61]
[-18, -60]
[-18, 61]
[-19, -61]
[3, 9, 10, 12, 13, 15, 16]
[-3, 62]
[-62, 63]
[-9, -62]
[-9, 63]
[-63, 64]
[-10, -63]
[-10, 64]
[-64, 65]
[-12, -64]
[-12, 65]
[-65, 66]
[-13, -65]
[-13, 66]
[-66, 67]
[-15, -66]
[-15, 67]
[-16, -67]
StayNDaysEncoder
[-1, -6]
[-1, -7]
[-1, -12]
[-1, -15]
[-1, -18]
[-1, -21]
[-1, -24]
[-4, -6]
[-4, -7]
[-4, -9]
[-4, -15]
[-4, -18]
[-4, -21]
[-4, -24]
[-8, -6]
[-8, -7]
[-8, -9]
[-8, -12]
[-8, -15]
[-8, -21]
[-8, -24]
[-11, -6]
[-11, -7]
[-11, -9]
[-11, -12]
[-11, -15]
[-11, -18]
[-11, -21]
[-11, -24]
[-14, -6]
[-14, -7]
[-14, -9]
[-14, -12]
[-14, -15]
[-14, -18]
[-14, -24]
[-17, -6]
[-17, -7]
[-17, -9]
[-17, -12]
[-17, -15]
[-17, -18]
[-17, -21]
[-2, -11]
[-2, -13]
[-2, -14]
[-2, -16]
[-2, -17]
[-2, -20]
[-2, -23]
[-5, -8]
[-5, -10]
[-5, -14]
[-5, -16]
[-5, -17]
[-5, -20]
[-5, -23]
[-6, -8]
[-6, -10]
[-6, -11]
[-6, -13]
[-6, -17]
[-6, -20]
[-6, -23]
[-7, -8]
[-7, -10]
[-7, -11]
[-7, -13]
[-7, -17]
[-7, -20]
[-7, -23]
[-18, -8]
[-18, -10]
[-18, -11]
[-18, -13]
[-18, -14]
[-18, -16]
[-18, -17]
[-18, -20]
[-19, -8]
[-19, -10]
[-19, -11]
[-19, -13]
[-19, -14]
[-19, -16]
[-19, -17]
[-19, -20]
[-3, -19]
[-3, -22]
[-3, -25]
[-9, -19]
[-9, -22]
[-9, -25]
[-10, -19]
[-10, -22]
[-10, -25]
[-12, -22]
[-12, -25]
[-13, -22]
[-13, -25]
[-15, -19]
[-15, -22]
[-15, -25]
[-16, -19]
[-16, -22]
[-16, -25]
EndInBaseEncoder
StartInBaseCity
550
02/09 Lisbon Paris 10:00 100
05/09 Paris Stockholm 11:00 100
07/09 Stockholm Rome 17:00 200
10/09 Rome Lisbon 10:00 150
